code,language,sub_language,total,total_male,total_female,rural,rural_male,rural_female,urban,urban_male,urban_female
1002,Assamese,Assamese,14816414,7555350,7261064,12680101,6458345,6221756,2136313,1097005,1039308
1999,Assamese,Others,494937,255233,239704,464600,239370,225230,30337,15863,14474
2007,Bengali,Bengali,96177835,49254753,46923082,68921285,35356084,33565201,27256550,13898669,13357881
2011,Bengali,Chakma,228281,116928,111353,220162,112745,107417,8119,4183,3936
2015,Bengali,Haijong,71792,36364,35428,65601,33243,32358,6191,3121,3070
2044,Bengali,Rajbangsi,475861,244079,231782,437408,224461,212947,38453,19618,18835
2999,Bengali,Others,283900,146628,137272,270389,139677,130712,13511,6951,6560
3001,Bodo,Bodo,1454547,730541,724006,1396225,700733,695492,58322,29808,28514
3003,Bodo,Kachari,15984,8204,7780,12784,6527,6257,3200,1677,1523
3004,Bodo,Mech,11546,5849,5697,10064,5078,4986,1482,771,711
3999,Bodo,Others,852,423,429,689,346,343,163,77,86
4001,Dogri,Dogri,2596763,1369578,1227185,1903657,996806,906851,693106,372772,320334
4999,Dogri,Others,4,3,1,1,1,0,3,2,1
5018,Gujarati,Gujarati,55036204,28331451,26704753,32767517,16777859,15989658,22268687,11553592,10715095
5019,Gujarati,Gujrao,15431,7915,7516,14626,7518,7108,805,397,408
5052,Gujarati,Pattani,16510,8296,8214,15904,7976,7928,606,320,286
5054,Gujarati,Ponchi,13812,7221,6591,7516,3899,3617,6296,3322,2974
5057,Gujarati,Saurashtra,247702,124776,122926,15888,8137,7751,231814,116639,115175
5999,Gujarati,Others,162895,82383,80512,60045,30383,29662,102850,52000,50850
6030,Hindi,Awadhi,3850906,1956073,1894833,3731591,1892248,1839343,119315,63825,55490
6040,Hindi,Baghati,15835,8141,7694,15128,7771,7357,707,370,337
6042,Hindi,Bagheli,2679129,1379891,1299238,2354669,1210613,1144056,324460,169278,155182
6045,Hindi,Bagri Rajasthani,234227,123493,110734,206796,109071,97725,27431,14422,13009
6066,Hindi,Banjari,1581271,823468,757803,1453870,756514,697356,127401,66954,60447
6086,Hindi,Bhadrawahi,98806,50478,48328,90354,46083,44271,8452,4395,4057
6089,Hindi,Bhagoria,20924,10299,10625,20841,10259,10582,83,40,43
6096,Hindi,Bharmauri,181069,90634,90435,175505,87745,87760,5564,2889,2675
6102,Hindi,Bhojpuri,50579447,26069236,24510211,45323817,23181849,22141968,5255630,2887387,2368243
6119,Hindi,Bishnoi,12079,4978,7101,10521,4286,6235,1558,692,866
6123,Hindi,Brajbhasha,1556314,840267,716047,1248175,674909,573266,308139,165358,142781
6125,Hindi,Bundeli,5626356,2974600,2651756,4600216,2433554,2166662,1026140,541046,485094
6133,Hindi,Chambeali,125746,62452,63294,107910,53287,54623,17836,9165,8671
6142,Hindi,Chhattisgarhi,16245190,8119432,8125758,13461070,6713943,6747127,2784120,1405489,1378631
6149,Hindi,Churahi,75552,38201,37351,75422,38136,37286,130,65,65
6173,Hindi,Dhundhari,1476446,763128,713318,1196293,617793,578500,280153,145335,134818
6195,Hindi,Garhwali,2482089,1198416,1283673,2004266,946910,1057356,477823,251506,226317
6198,Hindi,Gawari,19062,9963,9099,17400,9090,8310,1662,873,789
6207,Hindi,Gojri,1227901,640395,587506,1173849,611452,562397,54052,28943,25109
6231,Hindi,Handuri,47803,24658,23145,42436,21882,20554,5367,2776,2591
6232,Hindi,Hara,2944356,1528163,1416193,2290012,1186853,1103159,654344,341310,313034
6235,Hindi,Haryanvi,9806519,5216490,4590029,8147073,4336083,3810990,1659446,880407,779039
6240,Hindi,Hindi,322230097,170506524,151723573,208823135,109700046,99123089,113406962,60806478,52600484
6265,Hindi,Jaunpuri,136779,71293,65486,130195,67664,62531,6584,3629,2955
6291,Hindi,Kangri,1117342,547695,569647,1069044,522688,546356,48298,25007,23291
6311,Hindi,Khari Boli,50195,26156,24039,40310,20709,19601,9885,5447,4438
6320,Hindi,Khortha,8038735,4138148,3900587,7094593,3644396,3450197,944142,493752,450390
6336,Hindi,Kulvi,196295,99449,96846,185690,94120,91570,10605,5329,5276
6340,Hindi,Kumauni,2081057,1012120,1068937,1774955,852859,922096,306102,159261,146841
6345,Hindi,Kurmali Thar,311175,157107,154068,308621,155776,152845,2554,1331,1223
6353,Hindi,Lamani,3276548,1677395,1599153,2930089,1498172,1431917,346459,179223,167236
6355,Hindi,Laria,89876,44092,45784,86904,42635,44269,2972,1457,1515
6358,Hindi,Lodhi,139180,69225,69955,132833,66053,66780,6347,3172,3175
6376,Hindi,Magadhi,12706825,6590948,6115877,10972770,5676599,5296171,1734055,914349,819706
6391,Hindi,Malvi,5212617,2651647,2560970,4684735,2381397,2303338,527882,270250,257632
6394,Hindi,Mandeali,622590,307327,315263,569835,280286,289549,52755,27041,25714
6400,Hindi,Marwari,7831749,4065111,3766638,5436951,2805244,2631707,2394798,1259867,1134931
6408,Hindi,Mewari,4212262,2125491,2086771,3681530,1852743,1828787,530732,272748,257984
6409,Hindi,Mewati,856643,446446,410197,806240,419941,386299,50403,26505,23898
6420,Hindi,Nagpuria,763014,384858,378156,680822,342979,337843,82192,41879,40313
6432,Hindi,Nimadi,2309265,1178004,1131261,2074582,1057548,1017034,234683,120456,114227
6438,Hindi,Padari,17279,9076,8203,17246,9063,8183,33,13,20
6439,Hindi,Pahari,3253889,1651189,1602700,3001723,1516737,1484986,252166,134452,117714
6449,Hindi,Palmuha,23579,11881,11698,23278,11711,11567,301,170,131
6451,Hindi,Panch Pargania,244914,125800,119114,226645,116219,110426,18269,9581,8688
6452,Hindi,Pando,15595,7971,7624,15146,7732,7414,449,239,210
6454,Hindi,Pangwali,18668,9346,9322,18156,9077,9079,512,269,243
6466,Hindi,Pawari,325772,162606,163166,313871,156525,157346,11901,6081,5820
6476,Hindi,Puran,12375,6220,6155,12210,6135,6075,165,85,80
6489,Hindi,Rajasthani,25806344,13314254,12492090,20164599,10382104,9782495,5641745,2932150,2709595
6503,Hindi,Sadan,4345677,2180340,2165337,4045994,2030137,2015857,299683,150203,149480
6530,Hindi,Sirmauri,107401,55113,52288,105752,54136,51616,1649,977,672
6535,Hindi,Sondwari,229788,118221,111567,229032,117837,111195,756,384,372
6541,Hindi,Sugali,170987,87078,83909,154358,78769,75589,16629,8309,8320
6547,Hindi,Surgujia,1738256,873569,864687,1641682,824833,816849,96574,48736,47838
6548,Hindi,Surjapuri,2256228,1165836,1090392,2214811,1143889,1070922,41417,21947,19470
6999,Hindi,Others,16711170,8799795,7911375,15456650,8121866,7334784,1254520,677929,576591
7002,Kannada,Badaga,133550,63780,69770,81090,38645,42445,52460,25135,27325
7016,Kannada,Kannada,43506272,22014001,21492271,30614889,15462374,15152515,12891383,6551627,6339756
7027,Kannada,Kuruba,24189,11881,12308,21295,10462,10833,2894,1419,1475
7041,Kannada,Prakritha,12257,6372,5885,2868,1544,1324,9389,4828,4561
7999,Kannada,Others,30244,15258,14986,18661,9335,9326,11583,5923,5660
8005,Kashmiri,Kashmiri,6554369,3380350,3174019,4372791,2255089,2117702,2181578,1125261,1056317
8010,Kashmiri,Kishtwari,39748,20415,19333,36596,18725,17871,3152,1690,1462
8018,Kashmiri,Siraji,124896,63823,61073,119507,60918,58589,5389,2905,2484
8019,Kashmiri,Dardi,25600,13544,12056,24219,12761,11458,1381,783,598
8999,Kashmiri,Others,52974,27407,25567,52009,26898,25111,965,509,456
9011,Konkani,Konkani,2146906,1048165,1098741,876124,431164,444960,1270782,617001,653781
9013,Konkani,Kudubi,17209,8648,8561,15910,7989,7921,1299,659,640
9016,Konkani,Malwani,23617,11664,11953,19695,9684,10011,3922,1980,1942
9020,Konkani,Nawait,13123,6290,6833,7128,3383,3745,5995,2907,3088
9028,Konkani,Gorboli,50259,27016,23243,48927,26304,22623,1332,712,620
9999,Konkani,Others,5388,2804,2584,2447,1265,1182,2941,1539,1402
10008,Maithili,Maithili,13353347,6992706,6360641,12311098,6422768,5888330,1042249,569938,472311
10011,Maithili,Purbi Maithili,11116,5728,5388,7994,4038,3956,3122,1690,1432
10013,Maithili,Thati,165420,86606,78814,143006,74252,68754,22414,12354,10060
10014,Maithili,Tharu,53575,27012,26563,51645,25875,25770,1930,1137,793
10999,Maithili,Others,6,4,2,2,2,0,4,2,2
11016,Malayalam,Malayalam,34776533,16681977,18094556,17355542,8339365,9016177,17420991,8342612,9078379
11023,Malayalam,Pania,22808,11015,11793,19391,9340,10051,3417,1675,1742
11026,Malayalam,Yerava,26563,13019,13544,25905,12694,13211,658,325,333
11999,Malayalam,Others,12915,6373,6542,10245,5008,5237,2670,1365,1305
12003,Manipuri,Manipuri,1760913,875852,885061,1001516,500400,501116,759397,375452,383945
12999,Manipuri,Others,166,91,75,50,25,25,116,66,50
13004,Marathi,Are,53879,26763,27116,49358,24653,24705,4521,2110,2411
13060,Marathi,Koli,13809,6990,6819,6070,3047,3023,7739,3943,3796
13071,Marathi,Marathi,82801140,42453408,40347732,52517198,26869679,25647519,30283942,15583729,14700213
13999,Marathi,Others,157852,78642,79210,124831,61923,62908,33021,16719,16302
14011,Nepali,Nepali,2925796,1523833,1401963,2009222,1037721,971501,916574,486112,430462
14999,Nepali,Others,372,196,176,257,131,126,115,65,50
15006,Odia,Bhatri,334258,164972,169286,320636,158259,162377,13622,6713,6909
15007,Odia,Bhuiya,32126,15767,16359,31288,15325,15963,838,442,396
15010,Odia,Bhumijali,34651,17278,17373,33136,16482,16654,1515,796,719
15014,Odia,Desia,227313,110563,116750,221115,107740,113375,6198,2823,3375
15043,Odia,Odia,34059266,17368096,16691170,27853540,14072275,13781265,6205726,3295821,2909905
15051,Odia,Proja,156354,75412,80942,149229,71996,77233,7125,3416,3709
15055,Odia,Relli,12969,6373,6596,5086,2533,2553,7883,3840,4043
15058,Odia,Sambalpuri,2630381,1327739,1302642,2374002,1197847,1176155,256379,129892,126487
15999,Odia,Others,34006,17104,16902,27754,13920,13834,6252,3184,3068
16002,Punjabi,Bagri,1656588,859167,797421,1496985,775430,721555,159603,83737,75866
16005,Punjabi,Bhateali,23970,12222,11748,23723,12107,11616,247,115,132
16006,Punjabi,Bilaspuri Kahluri,295805,151739,144066,278437,142523,135914,17368,9216,8152
16038,Punjabi,Punjabi,31144095,16315572,14828523,19526343,10224009,9302334,11617752,6091563,5526189
16999,Punjabi,Others,4268,2231,2037,2835,1484,1351,1433,747,686
17002,Sanskrit,Sanskrit,24709,13582,11127,10873,5844,5029,13836,7738,6098
17999,Sanskrit,Others,112,54,58,35,18,17,77,36,41
18010,Santali,Karmali,358579,183154,175425,339055,172850,166205,19524,10304,9220
18011,Santali,Mahili,26399,13177,13222,24569,12239,12330,1830,938,892
18040,Santali,Santali,6973345,3477630,3495715,6607947,3293524,3314423,365398,184106,181292
18999,Santali,Others,9869,5008,4861,9364,4745,4619,505,263,242
19002,Sindhi,Bhatia,22409,11425,10984,21789,11120,10669,620,305,315
19008,Sindhi,Kachchhi,1030602,522998,507604,579667,296324,283343,450935,226674,224261
19014,Sindhi,Sindhi,1679246,856719,822527,155615,80813,74802,1523631,775906,747725
19999,Sindhi,Others,40007,20959,19048,38065,19938,18127,1942,1021,921
20006,Tamil,Irula,11870,5850,6020,11297,5564,5733,573,286,287
20009,Tamil,Kaikadi,25870,12931,12939,9948,5021,4927,15922,7910,8012
20015,Tamil,Korava,10421,5220,5201,5492,2743,2749,4929,2477,2452
20027,Tamil,Tamil,68888839,34531580,34357259,35530671,17829882,17700789,33358168,16701698,16656470
20029,Tamil,Yerukala,58065,29031,29034,39475,19803,19672,18590,9228,9362
20999,Tamil,Others,31816,16078,15738,30707,15517,15190,1109,561,548
21046,Telugu,Telugu,80912459,40549767,40362692,53738513,26918237,26820276,27173946,13631530,13542416
21048,Telugu,Vadari,198020,99923,98097,96722,49253,47469,101298,50670,50628
21999,Telugu,Others,17261,8849,8412,9866,4989,4877,7395,3860,3535
22015,Urdu,Urdu,50725762,26156072,24569690,21091404,10824831,10266573,29634358,15331241,14303117
22016,Urdu,Bhansari,22806,11719,11087,21174,10860,10314,1632,859,773
22999,Urdu,Others,24063,12690,11373,14810,7562,7248,9253,5128,4125
23003,Adi,Adi,110307,54699,55608,92314,46179,46135,17993,8520,9473
23006,Adi,Adi Gallong,29246,14412,14834,24158,11940,12218,5088,2472,2616
23010,Adi,Adi Miniyong,13344,6651,6693,10268,5252,5016,3076,1399,1677
23040,Adi,Talgalo,69256,34158,35098,50273,25277,24996,18983,8881,10102
23999,Adi,Others,26681,13230,13451,22929,11398,11531,3752,1832,1920
24001,Afghani,Afghani,21433,11406,10027,13254,6999,6255,8179,4407,3772
24999,Afghani,Others,244,151,93,177,92,85,67,59,8
25001,Anal,Anal,24301,11859,12442,23370,11377,11993,931,482,449
25999,Anal,Others,2916,1347,1569,2788,1303,1485,128,44,84
26002,Angami,Angami,40721,19943,20778,25814,12757,13057,14907,7186,7721
26999,Angami,Others,112075,54904,57171,72721,36108,36613,39354,18796,20558
27001,Ao,Ao,119549,59413,60136,47156,23954,23202,72393,35459,36934
27003,Ao,Chungli,70782,35943,34839,59652,30398,29254,11130,5545,5585
27005,Ao,Mongsen,69094,34787,34307,64277,32379,31898,4817,2408,2409
27999,Ao,Others,583,312,271,290,167,123,293,145,148
28001,Arabic,Arabic,54871,29899,24972,38979,21197,17782,15892,8702,7190
28999,Arabic,Others,76,39,37,72,38,34,4,1,3
29002,Balti,Balti,13654,7088,6566,12126,6263,5863,1528,825,703
29999,Balti,Others,120,64,56,108,57,51,12,7,5
30002,Bhili,Baori,63028,32595,30433,60086,31064,29022,2942,1531,1411
30003,Bhili,Barel,991257,497069,494188,976087,489264,486823,15170,7805,7365
30006,Bhili,Bhilali,753466,375317,378149,742835,369937,372898,10631,5380,5251
30007,Bhili,Bhili,3206533,1603959,1602574,3109044,1554573,1554471,97489,49386,48103
30011,Bhili,Chodhari,110570,54535,56035,109809,54176,55633,761,359,402
30015,Bhili,Dhodia,49097,24267,24830,40734,20022,20712,8363,4245,4118
30020,Bhili,Gamti,139118,68807,70311,134071,66399,67672,5047,2408,2639
30021,Bhili,Garasia,76749,38516,38233,73711,36947,36764,3038,1569,1469
30035,Bhili,Kokna,416787,207960,208827,328489,164425,164064,88298,43535,44763
30049,Bhili,Mawchi,98486,48886,49600,94554,46917,47637,3932,1969,1963
30066,Bhili,Paradhi,69085,34555,34530,52459,26217,26242,16626,8338,8288
30068,Bhili,Pawri,311677,157986,153691,304283,154027,150256,7394,3959,3435
30070,Bhili,Rathi,47801,26402,21399,47139,26055,21084,662,347,315
30073,Bhili,Tadavi,52347,26519,25828,46712,23685,23027,5635,2834,2801
30075,Bhili,Varli,387481,191372,196109,376368,185801,190567,11113,5571,5542
30076,Bhili,Vasava,187036,92887,94149,184411,91557,92854,2625,1330,1295
30078,Bhili,Wagdi,3393991,1711046,1682945,3271914,1649034,1622880,122077,62012,60065
30999,Bhili,Others,59128,30313,28815,52019,26539,25480,7109,3774,3335
31001,Bhotia,Bhotia,120583,59579,61004,94139,46794,47345,26444,12785,13659
31011,Bhotia,Bauti,100000,49265,50735,76946,37800,39146,23054,11465,11589
31999,Bhotia,Others,9371,4782,4589,7475,3799,3676,1896,983,913
32002,Bhumij,Bhumij,10190,5085,5105,9500,4731,4769,690,354,336
32999,Bhumij,Others,17316,8788,8528,16314,8266,8048,1002,522,480
33003,Bishnupuriya,Bishnupriya Manipuri,74069,36945,37124,64302,31968,32334,9767,4977,4790
33999,Bishnupuriya,Others,5577,2817,2760,4558,2260,2298,1019,557,462
34001,Chakhesang,Chakhesang,19846,10171,9675,12177,6333,5844,7669,3838,3831
35001,Chakru,Chakru,91216,46143,45073,77622,39219,38403,13594,6924,6670
36001,Chang,Chang,66852,34533,32319,49053,25408,23645,17799,9125,8674
37001,Coorgi,Coorgi,16939,8290,8649,2730,1378,1352,14209,6912,7297
37003,Coorgi,Kodava,96918,47826,49092,75728,37509,38219,21190,10317,10873
38001,Deori,Deori,32376,16234,16142,30286,15166,15120,2090,1068,1022
39002,Dimasa,Dimasa,133327,66777,66550,119065,59646,59419,14262,7131,7131
39999,Dimasa,Others,3857,1936,1921,3664,1820,1844,193,116,77
40001,English,English,259678,129115,130563,36985,20366,16619,222693,108749,113944
41001,Gadaba,Gadaba,40965,19698,21267,39697,19114,20583,1268,584,684
41999,Gadaba,Others,11,6,5,1,1,0,10,5,5
42001,Gangte,Gangte,16542,8389,8153,14526,7378,7148,2016,1011,1005
43005,Garo,Garo,1125359,566507,558852,1004106,507048,497058,121253,59459,61794
43999,Garo,Others,19964,10021,9943,18536,9311,9225,1428,710,718
44002,Gondi,Dorli,47701,23690,24011,44769,22039,22730,2932,1651,1281
44007,Gondi,Gondi,2856581,1412226,1444355,2751694,1359001,1392693,104887,53225,51662
44013,Gondi,Kalari,26769,13358,13411,25711,12821,12890,1058,537,521
44017,Gondi,Maria,15864,7825,8039,15427,7582,7845,437,243,194
44999,Gondi,Others,37538,19075,18463,33090,16873,16217,4448,2202,2246
45001,Halabi,Halabi,765464,376440,389024,690605,339617,350988,74859,36823,38036
45999,Halabi,Others,833,441,392,761,405,356,72,36,36
46003,Halam,Halam,26534,13382,13152,24052,12174,11878,2482,1208,1274
46999,Halam,Others,12381,6285,6096,12034,6093,5941,347,192,155
47001,Hmar,Hmar,98988,49558,49430,78693,39694,38999,20295,9864,10431
48004,Ho,Ho,1410996,698250,712746,1295556,640402,655154,115440,57848,57592
48007,Ho,Lohara,10422,5288,5134,9260,4698,4562,1162,590,572
49002,Jatapu,Jatapu,19990,9516,10474,19940,9490,10450,50,26,24
49999,Jatapu,Others,38,19,19,20,10,10,18,9,9
50001,Juang,Juang,30378,14889,15489,30274,14832,15442,104,57,47
51003,Kabui,Kabui,54220,26869,27351,38390,19248,19142,15830,7621,8209
51005,Kabui,Rongmei,68706,34396,34310,49293,24776,24517,19413,9620,9793
51999,Kabui,Others,5,3,2,1,1,0,4,2,2
52002,Karbi,Karbi,528503,267064,261439,481209,243400,237809,47294,23664,23630
53002,Khandeshi,Ahirani,1636465,840261,796204,1447847,743786,704061,188618,96475,92143
53004,Khandeshi,Dangi,150674,75138,75536,145952,72795,73157,4722,2343,2379
53005,Khandeshi,Gujari,57171,29795,27376,54112,28080,26032,3059,1715,1344
53006,Khandeshi,Khandeshi,10670,5480,5190,3651,1889,1762,7019,3591,3428
53999,Khandeshi,Others,5256,2628,2628,4599,2305,2294,657,323,334
54005,Kharia,Kharia,293665,144973,148692,269374,133223,136151,24291,11750,12541
54999,Kharia,Others,3949,1964,1985,3795,1889,1906,154,75,79
55007,Khasi,Khasi,1037964,510477,527487,781894,390047,391847,256070,120430,135640
55009,Khasi,Lyngngam,11586,5840,5746,11569,5830,5739,17,10,7
55012,Khasi,Pnar,319324,156818,162506,289379,142910,146469,29945,13908,16037
55015,Khasi,War,51558,25482,26076,50201,24872,25329,1357,610,747
55999,Khasi,Others,10912,5100,5812,6667,3283,3384,4245,1817,2428
56003,Khezha,Khezha,36383,18367,18016,28868,14615,14253,7515,3752,3763
56999,Khezha,Others,5242,2759,2483,5097,2678,2419,145,81,64
57001,Khiemnungan,Khiemnungan,61968,32405,29563,55261,28837,26424,6707,3568,3139
57999,Khiemnungan,Others,15,9,6,1,1,0,14,8,6
58001,Khond,Khond,111693,53913,57780,110122,53070,57052,1571,843,728
58006,Khond,Kuvi,43855,20796,23059,43674,20704,22970,181,92,89
59003,Kinnauri,Kinnauri,83427,40711,42716,80211,39058,41153,3216,1653,1563
59999,Kinnauri,Others,134,74,60,34,23,11,100,51,49
60002,Kisan,Kisan,206100,102398,103702,189730,94304,95426,16370,8094,8276
61002,Koch,Koch,33962,17069,16893,32431,16331,16100,1531,738,793
61999,Koch,Others,2472,1226,1246,2430,1205,1225,42,21,21
62003,Koda,Koda,47181,23518,23663,42683,21270,21413,4498,2248,2250
62999,Koda,Others,87,41,46,81,38,43,6,3,3
63001,Kolami,Kolami,128451,64423,64028,126112,63187,62925,2339,1236,1103
64001,Kom,Kom,15108,7483,7625,13788,6855,6933,1320,628,692
65002,Konda,Kodu,32166,15880,16286,31080,15002,16078,1086,878,208
65003,Konda,Konda,24987,12380,12607,24836,12276,12560,151,104,47
65999,Konda,Others,3546,1779,1767,3505,1753,1752,41,26,15
66001,Konyak,Konyak,244477,127807,116670,211984,111078,100906,32493,16729,15764
67001,Korku,Korku,688053,348620,339433,678097,343346,334751,9956,5274,4682
67004,Korku,Muwasi,35827,18001,17826,35594,17867,17727,233,134,99
67999,Korku,Others,3253,1664,1589,3231,1648,1583,22,16,6
68003,Korwa,Koraku,16154,8067,8087,15654,7822,7832,500,245,255
68999,Korwa,Others,12299,6236,6063,8621,4415,4206,3678,1821,1857
69002,Koya,Koya,407423,197697,209726,402214,195055,207159,5209,2642,2567
70001,Kui,Kui,941377,451357,490020,920177,441591,478586,21200,9766,11434
70999,Kui,Others,111,55,56,106,52,54,5,3,2
71008,Kuki,Kuki,82049,42021,40028,66261,33785,32476,15788,8236,7552
71999,Kuki,Others,1919,1004,915,1856,972,884,63,32,31
72024,Kurukh,Kurukh,1976920,986869,990051,1800364,899679,900685,176556,87190,89366
72999,Kurukh,Others,11430,6477,4953,8552,4538,4014,2878,1939,939
73003,Ladakhi,Ladakhi,14952,8885,6067,9829,5723,4106,5123,3162,1961
74002,Lahauli,Lahauli,11162,5545,5617,7929,3957,3972,3233,1588,1645
74999,Lahauli,Others,412,220,192,352,193,159,60,27,33
75001,Lahnda,Bahawal Puri,29253,15063,14190,1735,912,823,27518,14151,13367
75006,Lahnda,Hindi Multani,61722,31672,30050,40851,21112,19739,20871,10560,10311
75999,Lahnda,Others,17816,9154,8662,11787,5992,5795,6029,3162,2867
76002,Lakher,Mara,38671,19402,19269,25931,12995,12936,12740,6407,6333
76999,Lakher,Others,3758,1839,1919,2136,1029,1107,1622,810,812
77001,Lalung,Lalung,33921,17033,16888,32617,16368,16249,1304,665,639
78001,Lepcha,Lepcha,47331,24162,23169,42597,21866,20731,4734,2296,2438
79002,Liangmei,Liangmei,48388,24837,23551,45735,23546,22189,2653,1291,1362
79999,Liangmei,Others,1423,727,696,1261,658,603,162,69,93
80002,Limbu,Limbu,38067,19842,18225,36663,19134,17529,1404,708,696
80999,Limbu,Others,2768,1465,1303,2457,1305,1152,311,160,151
81001,Lotha,Lotha,179467,90406,89061,128240,64781,63459,51227,25625,25602
82005,Lushai,Lushai,825900,409882,416018,313350,159154,154196,512550,250728,261822
82999,Lushai,Others,4946,2467,2479,4868,2421,2447,78,46,32
83002,Malto,Pahariya,152814,76168,76646,151760,75620,76140,1054,548,506
83004,Malto,Kulehiya,75776,39489,36287,75690,39443,36247,86,46,40
83999,Malto,Others,6401,3165,3236,5963,2972,2991,438,193,245
84001,Mao,Mao,97195,49480,47715,90485,46249,44236,6710,3231,3479
84003,Mao,Paola,143001,74908,68093,141825,74341,67484,1176,567,609
84999,Mao,Others,9,5,4,3,2,1,6,3,3
85001,Maram,Maram,32460,16596,15864,32181,16457,15724,279,139,140
86001,Maring,Maring,25814,13058,12756,25287,12781,12506,527,277,250
87003,Miri,Miri,629954,320282,309672,616089,313262,302827,13865,7020,6845
88007,Mishmi,Mishmi,15871,7865,8006,13864,6849,7015,2007,1016,991
88999,Mishmi,Others,28229,13860,14369,24950,12291,12659,3279,1569,1710
89004,Mogh,Mogh,36652,18473,18179,35487,17857,17630,1165,616,549
89999,Mogh,Others,13,8,5,8,6,2,5,2,3
90003,Monpa,Monpa,13703,7072,6631,9912,5071,4841,3791,2001,1790
91006,Munda,Kol,19868,9936,9932,18965,9488,9477,903,448,455
91009,Munda,Munda,464817,232259,232558,420276,209767,210509,44541,22492,22049
91999,Munda,Others,21237,10920,10317,17344,8826,8518,3893,2094,1799
92005,Mundari,Mundari,1128050,563561,564489,1042110,520838,521272,85940,42723,43217
92999,Mundari,Others,178,47,131,120,13,107,58,34,24
93001,Nicobarese,Nicobarese,29099,14974,14125,26970,13936,13034,2129,1038,1091
94001,Nissi,Apatani,44815,21848,22967,28997,14415,14582,15818,7433,8385
94007,Nissi,Nissi,289166,141051,148115,239992,117040,122952,49174,24011,25163
94008,Nissi,Tagin,62897,31055,31842,50931,25190,25741,11966,5865,6101
94999,Nissi,Others,9654,5019,4635,9121,4735,4386,533,284,249
95003,Nocte,Nocte,29810,14930,14880,23570,11931,11639,6240,2999,3241
95999,Nocte,Others,1029,506,523,891,447,444,138,59,79
96002,Paite,Paite,79443,39397,40046,68299,33865,34434,11144,5532,5612
96999,Paite,Others,64,36,28,30,16,14,34,20,14
97001,Parji,Dhurwa,45938,22781,23157,45453,22539,22914,485,242,243
97999,Parji,Others,6411,3170,3241,6323,3114,3209,88,56,32
98001,Pawi,Pawi,28639,14292,14347,19131,9621,9510,9508,4671,4837
100001,Phom,Phom,54416,28351,26065,43834,22941,20893,10582,5410,5172
101006,Pochury,Pochury,21568,11020,10548,20499,10443,10056,1069,577,492
101999,Pochury,Others,86,47,39,61,36,25,25,11,14
102002,Rabha,Rabha,139985,70802,69183,135047,68243,66804,4938,2559,2379
102999,Rabha,Others,1,0,1,1,0,1,0,0,0
103003,Rai,Rai,10427,5339,5088,9660,4927,4733,767,412,355
103999,Rai,Others,5217,2730,2487,5047,2640,2407,170,90,80
104001,Rengma,Rengma,65328,32444,32884,54967,27343,27624,10361,5101,5260
105004,Sangtam,Sangtam,75684,38510,37174,55089,28061,27028,20595,10449,10146
105999,Sangtam,Others,316,154,162,76,38,38,240,116,124
106004,Savara,Savara,409481,200336,209145,402607,196813,205794,6874,3523,3351
106999,Savara,Others,68,30,38,62,26,36,6,4,2
107002,Sema,Sema,10802,5498,5304,4696,2438,2258,6106,3060,3046
108001,Sherpa,Sherpa,16012,8344,7668,13847,7210,6637,2165,1134,1031
109005,Shina,Shina,32069,16793,15276,30545,15929,14616,1524,864,660
109999,Shina,Others,178,96,82,153,81,72,25,15,10
111001,Tamang,Tamang,20154,10585,9569,16729,8807,7922,3425,1778,1647
112008,Tangkhul,Tangkhul,187263,94565,92698,154280,78258,76022,32983,16307,16676
112999,Tangkhul,Others,13,7,6,7,4,3,6,3,3
113024,Tangsa,Tutcha Tangsa,10234,5304,4930,9396,4887,4509,838,417,421
113999,Tangsa,Others,28390,14192,14198,25504,12775,12729,2886,1417,1469
114015,Thado,Thado,227114,113578,113536,210285,105317,104968,16829,8261,8568
114999,Thado,Others,2226,1174,1052,1695,891,804,531,283,248
115008,Tibetan,Tibetan,83779,49081,34698,48656,28901,19755,35123,20180,14943
115011,Tibetan,Purkhi,93500,47918,45582,82112,42014,40098,11388,5904,5484
115999,Tibetan,Others,5406,2796,2610,4121,2143,1978,1285,653,632
116007,Tripuri,Kokbarak,917900,463044,454856,881728,444840,436888,36172,18204,17968
116011,Tripuri,Reang,58539,29750,28789,57227,29127,28100,1312,623,689
116014,Tripuri,Tripuri,33138,17010,16128,31958,16241,15717,1180,769,411
116999,Tripuri,Others,1717,911,806,1614,849,765,103,62,41
117009,Tulu,Tulu,1841963,899059,942904,1081821,525977,555844,760142,373082,387060
117999,Tulu,Others,4464,2301,2163,2666,1352,1314,1798,949,849
118002,Vaiphei,Vaiphei,42748,21343,21405,38528,19291,19237,4220,2052,2168
119001,Wancho,Wancho,59154,29786,29368,53413,26792,26621,5741,2994,2747
120001,Yimchungre,Chirr,12300,6335,5965,11885,6107,5778,415,228,187
120004,Yimchungre,Tikhir,11071,5710,5361,9344,4787,4557,1727,923,804
120005,Yimchungre,Yimchungre,56538,28762,27776,45029,22840,22189,11509,5922,5587
120999,Yimchungre,Others,3350,1746,1604,3333,1737,1596,17,9,8
121001,Zeliang,Zeliang,63529,32144,31385,49744,25524,24220,13785,6620,7165
122003,Zemi,Zemi,50923,25869,25054,45036,22889,22147,5887,2980,2907
122999,Zemi,Others,2,0,2,1,0,1,1,0,1
123001,Zou,Zou,26545,13250,13295,23819,11936,11883,2726,1314,1412
